Type     Name                                  # reqs      # fails |    Avg     Min     Max    Med |   req/s  failures/s
--------|------------------------------------|-------|-------------|-------|-------|-------|-------|--------|-----------
GET      /search?q=amazonia                      3038     0(0.00%) |    180       6     528    180 |   15.88        0.00
GET      /search?q=ancestralidade                3144     0(0.00%) |    177       6     526    180 |   16.43        0.00
GET      /search?q=caatinga                      3036     0(0.00%) |    175       6     529    180 |   15.87        0.00
GET      /search?q=candomble                     3164     0(0.00%) |    178       6     527    180 |   16.54        0.00
GET      /search?q=cangaco                       3023     0(0.00%) |    178       6     531    180 |   15.80        0.00
GET      /search?q=coronelismo                   3000     0(0.00%) |    173       6     564    180 |   15.68        0.00
GET      /search?q=desmatamento                  3035     0(0.00%) |    180       7     507    180 |   15.86        0.00
GET      /search?q=ditadura                      3021     0(0.00%) |    177       6     593    170 |   15.79        0.00
GET      /search?q=escravidao                    2961     0(0.00%) |    178       6     521    180 |   15.47        0.00
GET      /search?q=favela                        3166     0(0.00%) |    177       6     544    180 |   16.55        0.00
GET      /search?q=folclore                      3080     0(0.00%) |    176       6     594    180 |   16.10        0.00
GET      /search?q=garimpo                       3142     0(0.00%) |    180       6     559    180 |   16.42        0.00
GET      /search?q=latifundio                    3166     0(0.00%) |    178       6     527    180 |   16.55        0.00
GET      /search?q=migra%C3%A7%C3%A3o            2994     0(0.00%) |    178       6     558    180 |   15.65        0.00
GET      /search?q=pantanal                      3065     0(0.00%) |    178       6     529    180 |   16.02        0.00
GET      /search?q=periferia                     3030     0(0.00%) |    176       6     619    180 |   15.83        0.00
GET      /search?q=quilombo                      3065     0(0.00%) |    176       6     579    180 |   16.02        0.00
GET      /search?q=resistencia                   3064     0(0.00%) |    177       6     491    180 |   16.01        0.00
GET      /search?q=ribeirinho                    3075     0(0.00%) |    178       6     625    180 |   16.07        0.00
GET      /search?q=sertao                        2990     0(0.00%) |    179       6     518    180 |   15.63        0.00
GET      /search?q=umbanda                       3003     0(0.00%) |    174       6     541    180 |   15.69        0.00
--------|------------------------------------|-------|-------------|-------|-------|-------|-------|--------|-----------
         Aggregated                             64262     0(0.00%) |    177       6     625    180 |  335.84        0.00

Response time percentiles (approximated)
Type     Name                                          50%    66%    75%    80%    90%    95%    98%    99%  99.9% 99.99%   100% # reqs
--------|----------------------------------------|--------|------|------|------|------|------|------|------|------|------|------|------
GET      /search?q=amazonia                            180    220    240    250    290    330    370    400    470    530    530   3038
GET      /search?q=ancestralidade                      180    210    240    250    300    330    390    410    490    530    530   3144
GET      /search?q=caatinga                            180    210    230    250    290    330    370    400    490    530    530   3036
GET      /search?q=candomble                           180    210    240    250    290    340    380    420    480    530    530   3164
GET      /search?q=cangaco                             180    210    230    250    290    330    380    420    500    530    530   3023
GET      /search?q=coronelismo                         180    210    230    240    290    320    370    410    520    560    560   3000
GET      /search?q=desmatamento                        180    210    240    250    290    330    370    420    500    510    510   3035
GET      /search?q=ditadura                            170    210    230    250    290    330    380    420    500    590    590   3021
GET      /search?q=escravidao                          180    210    230    250    290    330    370    400    490    520    520   2961
GET      /search?q=favela                              180    210    230    250    290    330    370    420    510    540    540   3166
GET      /search?q=folclore                            180    210    230    250    290    330    370    410    520    590    590   3080
GET      /search?q=garimpo                             180    210    240    250    290    320    370    390    500    560    560   3142
GET      /search?q=latifundio                          180    210    230    250    290    330    380    410    500    530    530   3166
GET      /search?q=migra%C3%A7%C3%A3o                  180    210    230    250    290    330    370    420    500    560    560   2994
GET      /search?q=pantanal                            180    210    230    250    290    330    380    420    500    530    530   3065
GET      /search?q=periferia                           180    210    230    250    290    330    380    420    490    620    620   3030
GET      /search?q=quilombo                            180    210    240    250    290    330    370    420    510    580    580   3065
GET      /search?q=resistencia                         180    210    230    250    290    330    370    390    470    490    490   3064
GET      /search?q=ribeirinho                          180    210    230    240    290    330    390    420    510    630    630   3075
GET      /search?q=sertao                              180    210    240    250    300    330    380    420    480    520    520   2990
GET      /search?q=umbanda                             180    210    230    250    280    320    370    390    500    540    540   3003
--------|----------------------------------------|--------|------|------|------|------|------|------|------|------|------|------|------
         Aggregated                                    180    210    230    250    290    330    380    410    500    560    630  64262
