Type     Name                                  # reqs      # fails |    Avg     Min     Max    Med |   req/s  failures/s
--------|------------------------------------|-------|-------------|-------|-------|-------|-------|--------|-----------
GET      /search?q=amazonia                       640     0(0.00%) |   1374      10    2127   1700 |    2.55        0.00
GET      /search?q=ancestralidade                 674     0(0.00%) |   1402       8    2085   1700 |    2.68        0.00
GET      /search?q=caatinga                       619     0(0.00%) |   1367      10    2114   1700 |    2.47        0.00
GET      /search?q=candomble                      716     0(0.00%) |   1348      13    2098   1700 |    2.85        0.00
GET      /search?q=cangaco                        699     0(0.00%) |   1369       7    2130   1700 |    2.78        0.00
GET      /search?q=coronelismo                    654     0(0.00%) |   1372       4    2066   1700 |    2.60        0.00
GET      /search?q=desmatamento                   683     0(0.00%) |   1374       7    2119   1700 |    2.72        0.00
GET      /search?q=ditadura                       682     0(0.00%) |   1383      10    2146   1700 |    2.72        0.00
GET      /search?q=escravidao                     698     0(0.00%) |   1375       7    2107   1700 |    2.78        0.00
GET      /search?q=favela                         643     0(0.00%) |   1360       5    2122   1700 |    2.56        0.00
GET      /search?q=folclore                       664     0(0.00%) |   1367      11    2064   1700 |    2.64        0.00
GET      /search?q=garimpo                        673     0(0.00%) |   1358      12    2114   1700 |    2.68        0.00
GET      /search?q=latifundio                     685     0(0.00%) |   1372      12    2127   1700 |    2.73        0.00
GET      /search?q=migra%C3%A7%C3%A3o             672     0(0.00%) |   1396       9    2130   1700 |    2.68        0.00
GET      /search?q=pantanal                       663     0(0.00%) |   1351      12    2145   1700 |    2.64        0.00
GET      /search?q=periferia                      621     0(0.00%) |   1388       7    2125   1700 |    2.47        0.00
GET      /search?q=quilombo                       686     0(0.00%) |   1384       9    2117   1700 |    2.73        0.00
GET      /search?q=resistencia                    707     0(0.00%) |   1359      10    2099   1700 |    2.82        0.00
GET      /search?q=ribeirinho                     643     0(0.00%) |   1398      10    2134   1700 |    2.56        0.00
GET      /search?q=sertao                         688     0(0.00%) |   1356       9    2146   1700 |    2.74        0.00
GET      /search?q=umbanda                        685     0(0.00%) |   1369      18    2104   1700 |    2.73        0.00
--------|------------------------------------|-------|-------------|-------|-------|-------|-------|--------|-----------
         Aggregated                             14095     0(0.00%) |   1372       4    2146   1700 |   56.14        0.00

Response time percentiles (approximated)
Type     Name                                          50%    66%    75%    80%    90%    95%    98%    99%  99.9% 99.99%   100% # reqs
--------|----------------------------------------|--------|------|------|------|------|------|------|------|------|------|------|------
GET      /search?q=amazonia                           1700   1700   1800   1800   1800   1900   2000   2000   2100   2100   2100    640
GET      /search?q=ancestralidade                     1700   1800   1800   1800   1800   1900   2000   2000   2100   2100   2100    674
GET      /search?q=caatinga                           1700   1800   1800   1800   1800   1900   2000   2000   2100   2100   2100    619
GET      /search?q=candomble                          1700   1700   1800   1800   1800   1900   2000   2000   2100   2100   2100    716
GET      /search?q=cangaco                            1700   1800   1800   1800   1900   1900   2000   2000   2100   2100   2100    699
GET      /search?q=coronelismo                        1700   1700   1800   1800   1800   2000   2000   2000   2100   2100   2100    654
GET      /search?q=desmatamento                       1700   1700   1800   1800   1800   1900   2000   2000   2100   2100   2100    683
GET      /search?q=ditadura                           1700   1800   1800   1800   1800   1900   2000   2000   2100   2100   2100    682
GET      /search?q=escravidao                         1700   1700   1800   1800   1800   1900   2000   2000   2100   2100   2100    698
GET      /search?q=favela                             1700   1700   1800   1800   1800   1900   2000   2000   2100   2100   2100    643
GET      /search?q=folclore                           1700   1700   1800   1800   1800   1900   2000   2000   2100   2100   2100    664
GET      /search?q=garimpo                            1700   1700   1800   1800   1800   1900   2000   2000   2100   2100   2100    673
GET      /search?q=latifundio                         1700   1800   1800   1800   1800   1900   2000   2000   2100   2100   2100    685
GET      /search?q=migra%C3%A7%C3%A3o                 1700   1700   1800   1800   1800   1900   2000   2000   2100   2100   2100    672
GET      /search?q=pantanal                           1700   1700   1800   1800   1800   1900   2000   2100   2100   2100   2100    663
GET      /search?q=periferia                          1700   1800   1800   1800   1800   1900   2000   2000   2100   2100   2100    621
GET      /search?q=quilombo                           1700   1800   1800   1800   1800   2000   2000   2000   2100   2100   2100    686
GET      /search?q=resistencia                        1700   1700   1800   1800   1800   1900   2000   2000   2100   2100   2100    707
GET      /search?q=ribeirinho                         1700   1800   1800   1800   1900   1900   2000   2100   2100   2100   2100    643
GET      /search?q=sertao                             1700   1800   1800   1800   1800   1900   2000   2000   2100   2100   2100    688
GET      /search?q=umbanda                            1700   1800   1800   1800   1800   1900   2000   2000   2100   2100   2100    685
--------|----------------------------------------|--------|------|------|------|------|------|------|------|------|------|------|------
         Aggregated                                   1700   1800   1800   1800   1800   1900   2000   2000   2100   2100   2100  14095
